MB09 0 35087285594628096 1 1297200435 851
MB09 0 35086687973412864 1 1297200292 994
MB09 0 35047780284112897 2 1297191016 10270
MB09 0 35047852463890432 1 1297191033 10253
MB09 0 35057840427114496 1 1297193415 7871
MB09 0 35069290097020928 1 1297196144 5142
MB09 0 35049165302009856 1 1297191346 9940
MB09 0 35059071853797376 1 1297193708 7578
MB09 0 34791500973871104 1 1297129914 71372
MB09 0 34779894068019201 2 1297127147 74139
MB09 0 30199538270601216 1 1296035105 1166181
MB09 0 30209514821128192 1 1296037484 1163802
MB09 0 32215923481907200 1 1296515849 685437
MB09 0 30199244916789249 1 1296035035 1166251
MB09 0 30195992632496128 2 1296034260 1167026
MB09 0 30350155270062080 1 1296071015 1130271
MB09 0 30179590383075329 1 1296030349 1170937
MB09 0 30173215829524480 1 1296028829 1172457
MB09 0 30329277014609920 1 1296066037 1135249
MB09 0 30329279422144512 1 1296066038 1135248
MB09 0 30426663745486848 1 1296089256 1112030
MB09 0 30308676094926848 1 1296061126 1140160
MB09 0 30317495017545729 1 1296063228 1138058
MB09 0 30317726136270848 1 1296063283 1138003
MB09 0 30242320716664833 1 1296045305 1155981
MB09 0 30220405885112320 1 1296040080 1161206
MB09 0 30264116249624576 1 1296050502 1150784
MB09 0 30272744067174400 1 1296052559 1148727
MB09 0 31304742340661248 1 1296298606 902680
MB09 0 30147216362446848 1 1296022631 1178655
MB09 0 30172846525251585 1 1296028741 1172545
MB09 0 30172275693068288 2 1296028605 1172681
MB09 0 30162862114607104 2 1296026361 1174925
MB09 0 30151108915625984 1 1296023559 1177727
MB09 0 30195250039361536 1 1296034083 1167203
MB09 0 30187870459273216 1 1296032323 1168963
MB09 0 30377622064078848 1 1296077564 1123722
MB09 0 30173101094342657 1 1296028802 1172484
MB09 0 30181945539301376 1 1296030911 1170375
MB09 0 30173229582655489 1 1296028833 1172453
MB09 0 30231756779028480 1 1296042787 1158499
MB09 0 30213489180016640 1 1296038431 1162855
MB09 0 30216730722701312 1 1296039204 1162082
MB09 0 30224456668418048 1 1296041046 1160240
MB09 0 32806897941745665 1 1296656748 544538
MB09 0 30381116489736193 1 1296078397 1122889
MB09 0 30173842013949952 2 1296028979 1172307
MB09 0 30224947863363584 1 1296041163 1160123
MB09 0 30684152655253505 1 1296150646 1050640
MB09 0 30203004422463488 1 1296035932 1165354
MB09 0 35086388722401280 1 1297200221 1065
MB09 0 34905873620934656 2 1297157183 44103
MB09 0 35012148195233792 1 1297182521 18765
MB09 0 35057122219655168 1 1297193243 8043
MB09 0 35051198532816896 1 1297191831 9455
MB09 0 35030909669347328 1 1297186994 14292
MB09 0 34861773437804544 1 1297146669 54617
MB09 0 34856723634196482 1 1297145465 55821
MB09 0 34955375211974657 2 1297168985 32301
MB09 0 35051660304719872 1 1297191941 9345
MB09 0 35079045930553344 1 1297198470 2816
MB09 0 35055845284777984 1 1297192939 8347
MB09 0 35050774996189184 1 1297191730 9556
MB09 0 35052327983386624 1 1297192100 9186
MB09 0 35056355442163712 1 1297193061 8225
MB09 0 35066295103782912 1 1297195430 5856
MB09 0 30318347975397376 1 1296063432 1137854
MB09 0 33565715608903680 2 1296837664 363622
MB09 0 33599718072258560 2 1296845771 355515
MB09 0 33146965940240384 2 1296737827 463459
MB09 0 30137504334090240 2 1296020315 1180971
MB09 0 30137913085796352 1 1296020413 1180873
MB09 0 30164361624428544 1 1296026718 1174568
MB09 0 30225672072855552 1 1296041336 1159950
MB09 0 30145973258817536 2 1296022334 1178952
MB09 0 31984587735306240 2 1296460694 740592
MB09 0 30372369704951808 1 1296076311 1124975
MB09 0 30344159634132992 1 1296069586 1131700
MB09 0 30179680120213504 2 1296030371 1170915
MB09 0 30332095880495105 2 1296066709 1134577
MB09 0 30327110438486017 1 1296065521 1135765
MB09 0 30799302041280512 2 1296178100 1023186
MB09 0 35058427151523840 1 1297193555 7731
MB09 0 35058338244853764 1 1297193533 7753
MB09 0 30650467860086784 2 1296142615 1058671
MB09 0 34560011514417152 2 1297074723 126563
MB09 0 30667277003137024 2 1296146623 1054663
MB09 0 34840315944763393 1 1297141553 59733
MB09 0 30558796480774144 1 1296120759 1080527
MB09 0 30236969338408960 1 1296044029 1157257
MB09 0 30144612324610048 2 1296022010 1179276
MB09 0 30180852956667904 1 1296030650 1170636
MB09 0 30166204228308992 1 1296027158 1174128
MB09 0 30280080747921408 1 1296054308 1146978
MB09 0 30171143117733889 1 1296028335 1172951
MB09 0 30207328506613760 1 1296036962 1164324
MB09 0 30191539678347266 2 1296033198 1168088
MB09 0 30571851667210240 1 1296123872 1077414
MB09 0 30209944758255616 1 1296037586 1163700
MB09 0 30195734397587456 1 1296034198 1167088
MB09 0 30203027998638080 1 1296035937 1165349
MB09 0 30567532691726337 1 1296122842 1078444
MB09 0 30439920199798787 1 1296092417 1108869
MB09 0 30459074709557248 1 1296096983 1104303
MB09 0 30295306801254400 1 1296057938 1143348
MB09 0 30318243478507520 1 1296063407 1137879
MB09 0 30513117570015232 1 1296109868 1091418
MB09 0 30282297689251840 1 1296054837 1146449
MB09 0 35068336094056449 2 1297195917 5369
MB09 0 35080006375837697 1 1297198699 2587
MB09 0 35076009669693441 1 1297197747 3539
MB09 0 35057231418359808 1 1297193269 8017
MB09 0 35077822745673728 1 1297198179 3107
MB09 0 35057300112805888 1 1297193286 8000
MB09 0 35053299627458560 1 1297192332 8954
MB09 0 35079243503247360 1 1297198518 2768
MB09 0 34707869400047616 1 1297109975 91311
MB09 0 35031237613584384 1 1297187072 14214
MB09 0 34690628147216384 2 1297105864 95422
MB09 0 35034676338892801 1 1297187892 13394
MB09 0 35010703718879232 1 1297182176 19110
MB09 0 35067946019590144 1 1297195824 5462
MB09 0 35063039388549121 1 1297194654 6632
MB09 0 35051687005786112 1 1297191948 9338
MB09 0 35088051264819202 1 1297200617 669
MB09 0 30205882033766400 1 1296036618 1164668
MB09 0 30284070894174208 1 1296055259 1146027
MB09 0 30283233115512832 2 1296055060 1146226
MB09 0 30341918521040896 2 1296069051 1132235
MB09 0 30194947625852928 1 1296034011 1167275
MB09 0 34996747549937664 2 1297178849 22437
MB09 0 30328228853846016 1 1296065787 1135499
MB09 0 30332237778001920 1 1296066743 1134543
MB09 0 30174694464299008 2 1296029182 1172104
MB09 0 30358072098562048 1 1296072903 1128383
MB09 0 31987981896126464 1 1296461503 739783
MB09 0 35090855064764416 2 1297201286 0
MB09 0 29696211258712064 2 1295915103 1286183
MB09 0 35067085990133760 2 1297195619 5667
MB09 0 35023707030167552 2 1297185277 16009
MB09 0 34920222079066112 1 1297160604 40682
MB09 0 31059921093009408 2 1296240236 961050
MB09 0 30140350932713473 2 1296020994 1180292
MB09 0 30590163398696962 1 1296128237 1073049
MB22 0 32563233118224385 1 1296598654 0
MB22 0 32282022927925248 1 1296531608 67046
MB22 0 32196934097707008 1 1296511321 87333
MB22 0 32169588636520448 1 1296504802 93852
MB22 0 32174541832720384 1 1296505983 92671
MB22 0 32182941257826304 1 1296507985 90669
MB22 0 32194662563315712 1 1296510780 87874
MB22 0 32071013088890880 2 1296481300 117354
MB22 0 32188146699472896 2 1296509226 89428
MB22 0 32179723903696896 2 1296507218 91436
MB22 0 32204806542069760 1 1296513198 85456
MB22 0 32169319936819200 1 1296504738 93916
MB22 0 32171765954248704 1 1296505321 93333
MB22 0 32219393463164928 1 1296516676 81978
MB22 0 32314787861893120 1 1296539420 59234
MB22 0 32310466491453440 1 1296538390 60264
MB22 0 32212892514254848 1 1296515126 83528
MB22 0 32203710893395968 1 1296512937 85717
MB22 0 32197112821190656 1 1296511364 87290
MB22 0 32320909322747904 1 1296540879 57775
MB22 0 32260375730716673 1 1296526447 72207
MB22 0 32169533791801344 1 1296504789 93865
MB22 0 32227928867602432 1 1296518711 79943
MB22 0 32219376232960000 1 1296516672 81982
MB22 0 32524320248958976 1 1296589376 9278
MB22 0 32416732370968576 2 1296563725 34929
MB22 0 32278101786365953 2 1296530673 67981
MB22 0 32391662521024512 1 1296557748 40906
MB22 0 32259101832515584 1 1296526143 72511
MB22 0 32169852475019264 1 1296504865 93789
MB22 0 32169956334370816 1 1296504889 93765
MB22 0 32176138549723137 1 1296506363 92291
MB22 0 32167017163264000 2 1296504189 94465
MB22 0 32170230868348928 1 1296504955 93699
MB22 0 32219487591735296 1 1296516699 81955
MB22 0 32234597613834241 1 1296520301 78353
MB22 0 32196883719921664 1 1296511309 87345
MB22 0 32204732583903232 1 1296513181 85473
MB22 0 32202496063578112 1 1296512648 86006
MB22 0 32228931012657154 1 1296518950 79704
MB22 0 32344622126604289 1 1296546533 52121
MB22 0 32326398043496448 1 1296542188 56466
MB22 0 32218647564918784 1 1296516498 82156
MB22 0 32170314901233664 2 1296504975 93679
MB22 0 32275892562567168 1 1296530147 68507
MB22 0 32484823834562560 1 1296579960 18694
MB22 0 32256116758945792 1 1296525432 73222
MB22 0 32188504712683520 1 1296509312 89342
MB22 0 32172966661849090 1 1296505607 93047
MB22 0 32166682675908608 1 1296504109 94545
MB22 0 32166562546843648 1 1296504080 94574
MB22 0 32165284794077184 2 1296503776 94878
MB22 0 32224707801518080 1 1296517943 80711
MB22 0 32195313305387008 1 1296510935 87719
MB22 0 32203309838241793 2 1296512842 85812
MB22 0 32379259720826880 1 1296554791 43863
MB22 0 32179400665473024 1 1296507141 91513
MB22 0 32429779869245440 1 1296566836 31818
MB22 0 32176468926660608 1 1296506442 92212
MB22 0 32181931550441472 1 1296507745 90909
MB22 0 32187142985748482 1 1296508987 89667
MB22 0 32455748332032000 1 1296573028 25626
MB22 0 32499598308155392 1 1296583482 15172
MB22 0 32201590077136897 1 1296512432 86222
MB22 0 32229056204247041 1 1296518980 79674
MB22 0 32172449223155712 1 1296505484 93170
MB22 0 32271723462131712 1 1296529153 69501
MB22 0 32188470751404032 1 1296509304 89350
MB22 0 32302142257631232 1 1296536405 62249
MB22 0 32178887425261568 1 1296507019 91635
MB22 0 32235353691660289 1 1296520481 78173
MB22 0 32175018792325120 1 1296506096 92558
MB22 0 32217206758576128 2 1296516155 82499
MB22 0 32498147473235968 1 1296583136 15518
MB22 0 32166406795558912 1 1296504043 94611
MB22 0 32170114539323392 1 1296504927 93727
MB22 0 32273288306630656 1 1296529526 69128
MB22 0 32470573246316544 1 1296576562 22092
MB22 0 32198774788980737 1 1296511760 86894
MB22 0 32208068011888640 1 1296513976 84678
MB22 0 32318204227354624 2 1296540234 58420
MB22 0 31959916075819008 1 1296454812 143842
MB22 0 31956136651395072 2 1296453911 144743
MB22 0 31969110816464896 1 1296457004 141650
MB22 0 31969296829652992 1 1296457048 141606
MB22 0 31999423072444416 1 1296464231 134423
MB22 0 32116131632250880 1 1296492057 106597
MB22 0 32233074074845184 1 1296519938 78716
MB22 0 32208404537671680 1 1296514056 84598
MB22 0 32234256910524416 1 1296520220 78434
MB22 0 32223168466784256 1 1296517576 81078
MB22 0 32524328532713473 1 1296589378 9276
MB22 0 32196887037616128 1 1296511310 87344
MB22 0 32179230993285120 2 1296507101 91553
MB22 0 32477919116791808 2 1296578313 20341
MB22 0 32468950860173312 2 1296576175 22479
MB22 0 32441769618579456 2 1296569695 28959
MB22 0 32279533042274304 2 1296531015 67639
MB22 0 32168528970780672 2 1296504549 94105
MB22 0 32561534420910081 2 1296598249 405
MB22 0 32465053630341120 2 1296575246 23408
MB22 0 32197440866095104 1 1296511442 87212
MB22 0 32264229474009089 1 1296527366 71288
MB22 0 32368131095662592 1 1296552138 46516
MB22 0 32339365061468160 1 1296545280 53374
MB22 0 32192283847696384 1 1296510213 88441
MB22 0 32269216266584065 1 1296528555 70099
MB22 0 32206030679056385 1 1296513490 85164
MB22 0 32425833100476416 2 1296565895 32759
MB22 0 32201682758672384 1 1296512454 86200
MB22 0 32170108776357888 1 1296504926 93728
MB22 0 32386624440504320 1 1296556547 42107
MB22 0 32323030373892096 1 1296541385 57269
MB22 0 32542836058488832 2 1296593791 4863
MB22 0 32501012040261632 2 1296583819 14835
MB22 0 32455150438195200 2 1296572885 25769
MB22 0 32479664446382080 2 1296578730 19924
MB22 0 32400871241293824 2 1296559944 38710
MB22 0 32166220039983104 2 1296503999 94655
MB22 0 32310866670002176 2 1296538485 60169
MB22 0 32175817584803840 2 1296506287 92367
MB22 0 32503468220489728 2 1296584405 14249
MB22 0 32562879672623106 1 1296598570 84
MB22 0 32428528267960320 2 1296566538 32116
MB22 0 32423693359521792 2 1296565385 33269
MB22 0 32193810171699201 1 1296510577 88077
MB22 0 32532987211948032 2 1296591443 7211
MB22 0 32510440902754304 2 1296586067 12587
MB22 0 32463962310184960 2 1296574986 23668
MB22 0 32441667235610624 2 1296569670 28984
MB22 0 32169055834079234 2 1296504675 93979
MB22 0 32221861890752512 2 1296517265 81389
MB22 0 32165187846938624 2 1296503753 94901
MB22 0 32406885936140288 2 1296561378 37276
MB22 0 32461016214278144 2 1296574284 24370
MB22 0 32518340215832576 1 1296587951 10703
MB22 0 32259469517787136 2 1296526231 72423
MB36 0 29674954899333120 1 1295910035 0
MB36 0 29596239066562560 1 1295891267 18768
MB36 0 29601917139156992 1 1295892621 17414
MB36 0 29600413737025536 1 1295892263 17772
MB36 0 29588257599655936 1 1295889364 20671
MB36 0 29572760653008896 1 1295885670 24365
MB36 0 29555033829801984 1 1295881443 28592
MB36 0 29620957748396032 1 1295897161 12874
MB36 0 29634620702068736 1 1295900418 9617
MB36 0 29549189025234945 1 1295880050 29985
MB36 0 29562272699387904 1 1295883169 26866
MB36 0 29560665794420736 2 1295882786 27249
MB36 0 29577506839339008 1 1295886801 23234
MB36 0 29549273586606080 1 1295880070 29965
MB36 0 29569728729063424 1 1295884947 25088
MB36 0 29579580222214144 1 1295887296 22739
MB36 0 29566903324254208 1 1295884273 25762
MB36 0 29549382974046208 1 1295880096 29939
MB36 0 29564672332005377 2 1295883741 26294
MB36 0 29559477392900096 1 1295882503 27532
MB36 0 29583884375035904 1 1295888322 21713
MB36 0 29600879954886656 1 1295892374 17661
MB36 0 29631644751110144 1 1295899709 10326
MB36 0 29647530908196864 2 1295903496 6539
MB36 0 29562151593050112 1 1295883140 26895
MB36 0 29574765068951553 1 1295886148 23887
MB36 0 29555647624253441 1 1295881590 28445
MB36 0 29567083746435073 1 1295884316 25719
MB36 0 29627688838766592 2 1295898766 11269
MB36 0 29558795399073792 1 1295882340 27695
MB36 0 29558785567625217 1 1295882338 27697
MB36 0 29621949403504641 1 1295897397 12638
MB36 0 29572800243040257 1 1295885679 24356
MB36 0 29546075417214978 2 1295879307 30728
MB36 0 29558315142881281 2 1295882226 27809
MB36 0 29561245891825664 1 1295882924 27111
MB36 0 29601874936074240 1 1295892611 17424
MB36 0 29669552937766912 1 1295908747 1288
MB36 0 29591232598515713 1 1295890074 19961
MB36 0 29624481538379776 1 1295898001 12034
MB36 0 29595502802636801 1 1295891092 18943
MB36 0 29568332663361536 1 1295884614 25421
MB36 0 29570422961872896 1 1295885112 24923
MB36 0 29599650625363968 1 1295892081 17954
MB36 0 29596676607975425 1 1295891372 18663
MB36 0 29569972531372032 1 1295885005 25030
MB36 0 29567320678465536 1 1295884373 25662
MB36 0 29625169714614272 1 1295898165 11870
MB36 0 29593467764080641 1 1295890607 19428
MB36 0 29668627321982976 2 1295908526 1509
MB36 0 29545770474545154 2 1295879235 30800
MB36 0 29551756241276928 1 1295880662 29373
MB36 0 29552720847310848 1 1295880892 29143
MB36 0 29553402820165633 2 1295881054 28981
MB36 0 29540259654012928 2 1295877921 32114
MB36 0 29544001833009152 2 1295878813 31222
MB36 0 29560443563413504 1 1295882733 27302
MB36 0 29566246794035200 1 1295884117 25918
MB36 0 29551299871645696 1 1295880553 29482
MB36 0 29577401612636160 1 1295886776 23259
MB36 0 29558254828789760 1 1295882211 27824
MB36 0 29549744053293056 1 1295880182 29853
MB36 0 29638079941705729 1 1295901243 8792
MB36 0 29574238285336576 1 1295886022 24013
MB36 0 29580472631689218 1 1295887508 22527
MB36 0 29546290585014274 1 1295879359 30676
MB36 0 29559136538599424 1 1295882421 27614
MB36 0 29593214549753856 1 1295890546 19489
MB36 0 29544749102792704 1 1295878991 31044
MB36 0 29570360991023105 1 1295885098 24937
MB36 0 29672218304712704 1 1295909382 653
MB36 0 29664641084821504 1 1295907576 2459
MB36 0 29577686108086272 1 1295886844 23191
MB36 0 29584238865031169 1 1295888406 21629
MB36 0 29649099301064704 2 1295903870 6165
MB36 0 29627399503085568 2 1295898697 11338
MB36 0 29545782658994176 2 1295879238 30797
MB36 0 29576989169950720 1 1295886678 23357
MB36 0 29590998380183552 1 1295890018 20017
MB36 0 29629278287040512 2 1295899145 10890
MB36 0 29598054659133442 1 1295891700 18335
MB36 0 29570991688519681 2 1295885248 24787
MB36 0 29629928030863360 2 1295899299 10736
MB36 0 29594879080267776 1 1295890943 19092
MB36 0 29585829366071297 2 1295888786 21249
MB36 0 29565853112467456 1 1295884023 26012
MB36 0 29648670563504128 1 1295903768 6267
MB36 0 29603759118090240 2 1295893060 16975
MB36 0 29671316328030208 1 1295909167 868
MB36 0 29586261240979456 2 1295888889 21146
MB36 0 29621049763045377 1 1295897183 12852
MB36 0 29660413738090496 1 1295906568 3467
MB36 0 29636719724728320 1 1295900919 9116
MB36 0 29544788994826240 2 1295879001 31034
MB36 0 29552121632268288 1 1295880749 29286
MB36 0 29553914726588417 1 1295881177 28858
MB36 0 29647340759420929 1 1295903451 6584
MB36 0 29642564055339008 1 1295902312 7723
MB36 0 29642299692556288 2 1295902249 7786
MB36 0 29584587608821760 1 1295888489 21546
MB36 0 29583857741205504 1 1295888315 21720
MB36 0 29582409217347584 2 1295887970 22065
MB36 0 29606206976823297 2 1295893644 16391
MB36 0 29606897057275904 1 1295893808 16227
MB36 0 29567734865985536 2 1295884471 25564
MB36 0 29554787393474560 2 1295881385 28650
MB36 0 29566871443341312 2 1295884266 25769
MB36 0 29623945313386496 1 1295897873 12162
MB36 0 29661884764389376 2 1295906919 3116
MB36 0 29551012213690368 1 1295880485 29550
MB36 0 29568778559815680 1 1295884720 25315
MB36 0 29560162062696449 1 1295882666 27369
MB36 0 29647050492616704 1 1295903382 6653
MB36 0 29588051403472896 1 1295889315 20720
MB36 0 29554028815843328 1 1295881204 28831
MB36 0 29552599313158144 1 1295880863 29172
MB36 0 29541128202096640 1 1295878128 31907
MB36 0 29560526166036480 1 1295882753 27282
MB36 0 29553089908318209 1 1295880980 29055
MB36 0 29552418903556096 1 1295880820 29215
MB36 0 29611783794720768 1 1295894974 15061
MB36 0 29599968541016064 2 1295892157 17878
MB36 0 29670369258381312 2 1295908941 1094
MB36 0 29637526532657154 2 1295901111 8924
MB36 0 29640336099774464 2 1295901781 8254
MB36 0 29554549928759296 1 1295881328 28707
MB36 0 29629871743303680 2 1295899286 10749
MB36 0 29641344980877312 1 1295902022 8013
MB36 0 29565007591116800 2 1295883821 26214
MB36 0 29559772608995328 2 1295882573 27462
MB36 0 29615511243333632 2 1295895862 14173
MB36 0 29641128936472576 1 1295901970 8065
MB36 0 29640617856344066 2 1295901848 8187
MB36 0 29600983029907457 2 1295892398 17637
MB36 0 29583847259639808 1 1295888313 21722
MB36 0 29556043197456384 1 1295881684 28351
MB36 0 29590567398674432 1 1295889915 20120
MB36 0 29621111599669248 1 1295897197 12838
MB36 0 29551337033179137 1 1295880562 29473
MB36 0 29549210193887232 2 1295880055 29980
MB36 0 29562052867526658 1 1295883117 26918
MB36 0 29635021144850432 1 1295900514 9521
MB36 0 29606314321645568 1 1295893670 16365
MB36 0 29609975022096384 1 1295894542 15493
MB36 0 29561687539453952 1 1295883030 27005
MB36 0 29577827254800385 1 1295886878 23157
MB36 0 29559836513406976 1 1295882588 27447
MB36 0 29594390846513152 1 1295890827 19208
MB36 0 29626957297618944 2 1295898591 11444
MB36 0 29550746831687682 2 1295880421 29614
MB36 0 29551319312240640 1 1295880558 29477
MB75 Q0 32903161928744961 2 1296679699 522483
MB75 Q0 34389474792185857 1 1297034064 168118
MB75 Q0 34391586255147008 2 1297034567 167615
MB75 Q0 34391667754672128 2 1297034587 167595
MB75 Q0 34391935812632576 2 1297034651 167531
MB75 Q0 34392120248770560 1 1297034695 167487
MB75 Q0 34392310380761089 1 1297034740 167442
MB75 Q0 34392384246652928 2 1297034758 167424
MB75 Q0 34392551406444545 2 1297034797 167385
MB75 Q0 34393574502039553 2 1297035041 167141
MB75 Q0 34393593447714816 1 1297035046 167136
MB75 Q0 34394204528447489 1 1297035192 166990
MB75 Q0 34394832952627200 1 1297035341 166841
MB75 Q0 34394983192596480 1 1297035377 166805
MB75 Q0 34396060751241216 2 1297035634 166548
MB75 Q0 34396071836786688 1 1297035637 166545
MB75 Q0 34396362376224768 1 1297035706 166476
MB75 Q0 34396687300562944 1 1297035783 166399
MB75 Q0 34397008634707968 1 1297035860 166322
MB75 Q0 34397602740961281 2 1297036002 166180
MB75 Q0 34399879857967104 2 1297036545 165637
MB75 Q0 34400717196230657 2 1297036744 165438
MB75 Q0 34400981689040896 1 1297036807 165375
MB75 Q0 34401697270861825 1 1297036978 165204
MB75 Q0 34402327452459008 2 1297037128 165054
MB75 Q0 34403219337646080 1 1297037341 164841
MB75 Q0 34406150573137921 2 1297038040 164142
MB75 Q0 34406400478158848 2 1297038099 164083
MB75 Q0 34407215343345665 2 1297038294 163888
MB75 Q0 34407649063731200 1 1297038397 163785
MB75 Q0 34407656936448000 2 1297038399 163783
MB75 Q0 34407785890320384 1 1297038430 163752
MB75 Q0 34408772654862336 2 1297038665 163517
MB75 Q0 34409168588771328 1 1297038759 163423
MB75 Q0 34409918974918656 2 1297038938 163244
MB75 Q0 34410043285708800 1 1297038968 163214
MB75 Q0 34410828983705601 1 1297039155 163027
MB75 Q0 34411573774786560 2 1297039333 162849
MB75 Q0 34413544862654465 1 1297039803 162379
MB75 Q0 34414955188977664 1 1297040139 162043
MB75 Q0 34415002974814208 2 1297040150 162032
MB75 Q0 34417574947065856 1 1297040763 161419
MB75 Q0 34417692307886080 1 1297040791 161391
MB75 Q0 34418201609777152 1 1297040913 161269
MB75 Q0 34418287009857536 1 1297040933 161249
MB75 Q0 34419758312988672 1 1297041284 160898
MB75 Q0 34420014308134912 2 1297041345 160837
MB75 Q0 34422356973715456 1 1297041904 160278
MB75 Q0 34422393459974145 1 1297041912 160270
MB75 Q0 34422623668539392 1 1297041967 160215
MB75 Q0 34423319444848641 1 1297042133 160049
MB75 Q0 34423657040191488 1 1297042214 159968
MB75 Q0 34423912271974400 2 1297042274 159908
MB75 Q0 34425322887712768 1 1297042611 159571
MB75 Q0 34426660258320386 1 1297042930 159252
MB75 Q0 34426678516121600 1 1297042934 159248
MB75 Q0 34426779338801152 1 1297042958 159224
MB75 Q0 34427720850997248 1 1297043182 159000
MB75 Q0 34429432101867520 1 1297043590 158592
MB75 Q0 34429878568890368 1 1297043697 158485
MB75 Q0 34430367884640256 1 1297043814 158368
MB75 Q0 34430447878406144 1 1297043833 158349
MB75 Q0 34432729877725184 2 1297044377 157805
MB75 Q0 34433660904013825 1 1297044599 157583
MB75 Q0 34434990750040064 1 1297044916 157266
MB75 Q0 34436614763585538 1 1297045303 156879
MB75 Q0 34438819570778112 1 1297045829 156353
MB75 Q0 34447182627078145 1 1297047822 154360
MB75 Q0 34448214090326019 1 1297048068 154114
MB75 Q0 34449265610727425 1 1297048319 153863
MB75 Q0 34450386169364482 1 1297048586 153596
MB75 Q0 34451164405702658 1 1297048772 153410
MB75 Q0 34451548100624385 1 1297048863 153319
MB75 Q0 34454132362461184 1 1297049479 152703
MB75 Q0 34454771528105984 2 1297049632 152550
MB75 Q0 34461949269901312 2 1297051343 150839
MB75 Q0 34462965369405440 2 1297051585 150597
MB75 Q0 34465710629453825 2 1297052240 149942
MB75 Q0 34468327074041856 2 1297052864 149318
MB75 Q0 34470674902814720 1 1297053423 148759
MB75 Q0 34470862530809856 1 1297053468 148714
MB75 Q0 34474541094805504 1 1297054345 147837
MB75 Q0 34475260216614912 1 1297054517 147665
MB75 Q0 34476535574437888 1 1297054821 147361
MB75 Q0 34477837759168512 1 1297055131 147051
MB75 Q0 34478479634333696 1 1297055284 146898
MB75 Q0 34479202405191680 1 1297055457 146725
MB75 Q0 34482122810982400 1 1297056153 146029
MB75 Q0 34482124815863808 1 1297056153 146029
MB75 Q0 34484610914197504 1 1297056746 145436
MB75 Q0 34487012094377984 1 1297057319 144863
MB75 Q0 34497911060561920 1 1297059917 142265
MB75 Q0 34500165033263104 1 1297060454 141728
MB75 Q0 34505664940355584 1 1297061766 140416
MB75 Q0 34512488078778368 1 1297063393 138789
MB75 Q0 34513575665999873 1 1297063652 138530
MB75 Q0 34515663292735488 1 1297064150 138032
MB75 Q0 34517794565529600 2 1297064658 137524
MB75 Q0 34531792056750080 1 1297067995 134187
MB75 Q0 34537090855215104 2 1297069258 132924
MB75 Q0 34538846829940737 1 1297069677 132505
MB75 Q0 34539076711358464 1 1297069732 132450
MB75 Q0 34545938538176512 2 1297071368 130814
MB75 Q0 34546135011950592 2 1297071415 130767
MB75 Q0 34554263841542145 1 1297073353 128829
MB75 Q0 34556674832343041 1 1297073927 128255
MB75 Q0 34575684848324608 1 1297078460 123722
MB75 Q0 34598210219540482 1 1297083830 118352
MB75 Q0 34601786912280576 1 1297084683 117499
MB75 Q0 34604390920757249 1 1297085304 116878
MB75 Q0 34605796058726401 2 1297085639 116543
MB75 Q0 34614080371171329 1 1297087614 114568
MB75 Q0 34617085019688960 1 1297088330 113852
MB75 Q0 34619140077522944 2 1297088820 113362
MB75 Q0 34619427534147585 1 1297088889 113293
MB75 Q0 34619661756661760 1 1297088945 113237
MB75 Q0 34622505901629440 2 1297089623 112559
MB75 Q0 34623951019708416 1 1297089967 112215
MB75 Q0 34625066629074944 1 1297090233 111949
MB75 Q0 34625328395591680 2 1297090296 111886
MB75 Q0 34625935705645056 2 1297090441 111741
MB75 Q0 34629136706179072 2 1297091204 110978
MB75 Q0 34629289987149824 2 1297091240 110942
MB75 Q0 34629385424207872 1 1297091263 110919
MB75 Q0 34629468630810624 1 1297091283 110899
MB75 Q0 34630622056026112 1 1297091558 110624
MB75 Q0 34634199935754241 1 1297092411 109771
MB75 Q0 34643853143183360 2 1297094712 107470
MB75 Q0 34644300738338816 2 1297094819 107363
MB75 Q0 34644696085180416 1 1297094913 107269
MB75 Q0 34645147018862593 1 1297095021 107161
MB75 Q0 34646865425207297 1 1297095431 106751
MB75 Q0 34648880540815361 2 1297095911 106271
MB75 Q0 34648990670651393 1 1297095937 106245
MB75 Q0 34650351755862016 1 1297096262 105920
MB75 Q0 34655839704985600 1 1297097570 104612
MB75 Q0 34657252191387648 2 1297097907 104275
MB75 Q0 34660228540665856 1 1297098617 103565
MB75 Q0 34669303303245824 1 1297100780 101402
MB75 Q0 34670849134952449 2 1297101149 101033
MB75 Q0 34672925592256513 2 1297101644 100538
MB75 Q0 34677168982204416 1 1297102656 99526
MB75 Q0 34677384577818625 2 1297102707 99475
MB75 Q0 34681752685387776 1 1297103748 98434
MB75 Q0 34682095896887296 1 1297103830 98352
MB75 Q0 34684782101139456 1 1297104471 97711
MB75 Q0 34687521560469504 2 1297105124 97058
MB75 Q0 34689656612327424 1 1297105633 96549
MB75 Q0 34691278708932609 2 1297106020 96162
MB75 Q0 34692320158814208 1 1297106268 95914
MB75 Q0 34694961563705344 1 1297106898 95284
MB75 Q0 34701326763950080 2 1297108415 93767
MB75 Q0 34706785541562368 1 1297109717 92465
MB75 Q0 34709517849591808 2 1297110368 91814
MB75 Q0 34717292738650112 2 1297112222 89960
MB75 Q0 34721776827105280 1 1297113291 88891
MB75 Q0 34726073283379201 2 1297114315 87867
MB75 Q0 34728863187607552 2 1297114980 87202
MB75 Q0 34732177203662848 1 1297115770 86412
MB75 Q0 34736623493054464 2 1297116831 85351
MB75 Q0 34739350365417472 1 1297117481 84701
MB75 Q0 34760510893199360 2 1297122526 79656
MB75 Q0 34762453829029889 1 1297122989 79193
MB75 Q0 34782907457343489 2 1297127866 74316
MB75 Q0 34797445154086913 2 1297131332 70850
MB75 Q0 34799930870603776 2 1297131924 70258
MB75 Q0 34815765353861120 2 1297135699 66483
MB75 Q0 34835142136561664 1 1297140319 61863
MB75 Q0 34852387856453632 2 1297144431 57751
MB75 Q0 34869612017352704 2 1297148538 53644
MB75 Q0 34883437819072512 1 1297151834 50348
MB75 Q0 34892486522445824 1 1297153991 48191
MB75 Q0 34893783522877440 1 1297154300 47882
MB75 Q0 34929585694965760 1 1297162836 39346
MB75 Q0 34941794894483456 2 1297165747 36435
MB75 Q0 34946008152539136 1 1297166752 35430
MB75 Q0 34946958061731840 2 1297166978 35204
MB75 Q0 34978646535962624 2 1297174533 27649
MB75 Q0 34981546964295680 1 1297175225 26957
MB75 Q0 34982226869362688 1 1297175387 26795
MB75 Q0 34987796041179136 2 1297176715 25467
MB75 Q0 35006439906873345 2 1297181160 21022
MB75 Q0 35009498363990016 1 1297181889 20293
MB75 Q0 35017135780536320 1 1297183710 18472
MB75 Q0 35020565932675072 2 1297184528 17654
MB75 Q0 35024923214749696 1 1297185567 16615
MB75 Q0 35045247205511169 2 1297190412 11770
MB75 Q0 35046273098719232 2 1297190657 11525
MB75 Q0 35051474056642560 1 1297191897 10285
MB75 Q0 35057756725575680 1 1297193395 8787
MB75 Q0 35059180847108096 2 1297193734 8448
MB75 Q0 35064175780691968 1 1297194925 7257
MB75 Q0 35078701460750336 1 1297198388 3794
MB75 Q0 35094611483426816 1 1297202182 0
MB98 Q0 30034234726940673 2 1295995694 1149640
MB98 Q0 30142813622505472 2 1296021581 1123753
MB98 Q0 30146528110710784 2 1296022467 1122867
MB98 Q0 30240863992938496 2 1296044958 1100376
MB98 Q0 30286442685014016 2 1296055825 1089509
MB98 Q0 30406773076664320 2 1296084514 1060820
MB98 Q0 30418069784367104 2 1296087207 1058127
MB98 Q0 30429182278246400 2 1296089857 1055477
MB98 Q0 30477678087770113 2 1296101419 1043915
MB98 Q0 30483897565319168 2 1296102902 1042432
MB98 Q0 30506925409968128 2 1296108392 1036942
MB98 Q0 30515000489541632 1 1296110317 1035017
MB98 Q0 30515437863178240 1 1296110421 1034913
MB98 Q0 30517355016622080 2 1296110879 1034455
MB98 Q0 30523878992252928 1 1296112434 1032900
MB98 Q0 30526250707591170 1 1296112999 1032335
MB98 Q0 30527280530857984 2 1296113245 1032089
MB98 Q0 30533114522505217 2 1296114636 1030698
MB98 Q0 30536204508209152 1 1296115373 1029961
MB98 Q0 30536477695807488 1 1296115438 1029896
MB98 Q0 30723587551797248 1 1296160048 985286
MB98 Q0 30833942777040896 2 1296186359 958975
MB98 Q0 30899786374709248 2 1296202057 943277
MB98 Q0 30900163576864768 1 1296202147 943187
MB98 Q0 30902834127966208 1 1296202784 942550
MB98 Q0 30906004711415808 1 1296203540 941794
MB98 Q0 30917515995521024 1 1296206284 939050
MB98 Q0 30919347245416448 1 1296206721 938613
MB98 Q0 30926810753540096 1 1296208500 936834
MB98 Q0 30928608558059520 2 1296208929 936405
MB98 Q0 30944520879210496 1 1296212723 932611
MB98 Q0 30950381580189696 1 1296214120 931214
MB98 Q0 30952121918558209 1 1296214535 930799
MB98 Q0 31002172166504448 2 1296226468 918866
MB98 Q0 31072009869852672 2 1296243119 902215
MB98 Q0 31090279184343040 2 1296247474 897860
MB98 Q0 31150854518087680 2 1296261917 883417
MB98 Q0 31173198477266945 2 1296267244 878090
MB98 Q0 31187010144182272 2 1296270537 874797
MB98 Q0 31201852355772416 2 1296274075 871259
MB98 Q0 31214716097400833 1 1296277142 868192
MB98 Q0 31223664930193409 2 1296279276 866058
MB98 Q0 31264716974194689 1 1296289064 856270
MB98 Q0 31313035649875969 1 1296300584 844750
MB98 Q0 31609210277990401 2 1296371197 774137
MB98 Q0 31629001239830528 2 1296375916 769418
MB98 Q0 31681793237188608 2 1296388502 756832
MB98 Q0 31697432387526656 2 1296392231 753103
MB98 Q0 31953183160926209 1 1296453207 692127
MB98 Q0 32023330148057088 2 1296469931 675403
MB98 Q0 32083890650746881 2 1296484370 660964
MB98 Q0 32203633047109632 2 1296512919 632415
MB98 Q0 32211573246267392 2 1296514812 630522
MB98 Q0 32212852584484864 2 1296515117 630217
MB98 Q0 32214255461736449 2 1296515451 629883
MB98 Q0 32232405725085696 2 1296519779 625555
MB98 Q0 32259605820088320 1 1296526264 619070
MB98 Q0 32277896026390528 2 1296530624 614710
MB98 Q0 32413436684009472 2 1296562940 582394
MB98 Q0 32432257314586624 2 1296567427 577907
MB98 Q0 32462489392254976 1 1296574635 570699
MB98 Q0 32583035073335298 2 1296603375 541959
MB98 Q0 32583036797194240 1 1296603375 541959
MB98 Q0 32589356615077891 2 1296604882 540452
MB98 Q0 32697478650265600 2 1296630661 514673
MB98 Q0 32716421565775872 1 1296635177 510157
MB98 Q0 32718181986467840 1 1296635597 509737
MB98 Q0 32755776867016705 2 1296644560 500774
MB98 Q0 32755833590779904 1 1296644573 500761
MB98 Q0 32783518912225280 1 1296651174 494160
MB98 Q0 32814328939810816 2 1296658520 486814
MB98 Q0 32831284094967808 2 1296662562 482772
MB98 Q0 32934974877339648 1 1296687284 458050
MB98 Q0 32936669128695808 2 1296687688 457646
MB98 Q0 32966521948995585 1 1296694805 450529
MB98 Q0 32975029859782657 2 1296696834 448500
MB98 Q0 33023755638808577 2 1296708451 436883
MB98 Q0 33103695960875008 2 1296727510 417824
MB98 Q0 33211993343131649 2 1296753330 392004
MB98 Q0 33230318035009537 2 1296757699 387635
MB98 Q0 33274297686573056 2 1296768185 377149
MB98 Q0 33295974021472256 2 1296773353 371981
MB98 Q0 33307394914127872 2 1296776076 369258
MB98 Q0 33322282571014144 2 1296779625 365709
MB98 Q0 33353527057190912 2 1296787075 358259
MB98 Q0 33403741688307713 2 1296799047 346287
MB98 Q0 33403746633392129 1 1296799048 346286
MB98 Q0 33404161005461504 1 1296799147 346187
MB98 Q0 33404510344847360 2 1296799230 346104
MB98 Q0 33642490078691328 2 1296855969 289365
MB98 Q0 33646345524875264 2 1296856888 288446
MB98 Q0 33659883861577728 2 1296860116 285218
MB98 Q0 33903004490928129 1 1296918080 227254
MB98 Q0 33979799852552193 2 1296936390 208944
MB98 Q0 34068237306040320 2 1296957475 187859
MB98 Q0 34211398351331329 2 1296991607 153727
MB98 Q0 34275032582594560 1 1297006779 138555
MB98 Q0 34392127727345664 2 1297034696 110638
MB98 Q0 34392380249481216 2 1297034757 110577
MB98 Q0 34434367791038464 2 1297044767 100567
MB98 Q0 34739034798432256 2 1297117405 27929
MB98 Q0 34791379494244352 2 1297129885 15449
MB98 Q0 34794630037901312 2 1297130660 14674
MB98 Q0 34819187335503872 2 1297136515 8819
MB98 Q0 29056059649822720 2 1295762479 1382855
MB98 Q0 29058623388778496 2 1295763090 1382244
MB98 Q0 29077290914680832 2 1295767541 1377793
MB98 Q0 29107027947036672 2 1295774630 1370704
MB98 Q0 29107028639092736 1 1295774631 1370703
MB98 Q0 29118138096291840 2 1295777279 1368055
MB98 Q0 29232605379432450 2 1295804570 1340764
MB98 Q0 29279658964946944 2 1295815789 1329545
MB98 Q0 29293919611133953 2 1295819189 1326145
MB98 Q0 29305604833017856 2 1295821975 1323359
MB98 Q0 29310054939238400 2 1295823036 1322298
MB98 Q0 29314381577723906 2 1295824067 1321267
MB98 Q0 29327276457857024 2 1295827142 1318192
MB98 Q0 29329475531440129 2 1295827666 1317668
MB98 Q0 29338823653597184 2 1295829895 1315439
MB98 Q0 29373393593704449 2 1295838137 1307197
MB98 Q0 29375766793818113 2 1295838703 1306631
MB98 Q0 29376703235100672 2 1295838926 1306408
MB98 Q0 29392646820601856 2 1295842727 1302607
MB98 Q0 29392648619954176 1 1295842728 1302606
MB98 Q0 29395479586414592 1 1295843403 1301931
MB98 Q0 29397858130075649 1 1295843970 1301364
MB98 Q0 29403913698414592 2 1295845413 1299921
MB98 Q0 29422667366932480 2 1295849885 1295449
MB98 Q0 29430086130212865 1 1295851653 1293681
MB98 Q0 29432310688391170 2 1295852184 1293150
MB98 Q0 29461320667504640 2 1295859100 1286234
MB98 Q0 29466124596813824 2 1295860246 1285088
MB98 Q0 29466565372018689 1 1295860351 1284983
MB98 Q0 29503307848355840 2 1295869111 1276223
MB98 Q0 29504415798919170 2 1295869375 1275959
MB98 Q0 29507293313769472 1 1295870061 1275273
MB98 Q0 29549304074997760 1 1295880077 1265257
MB98 Q0 29562697049710592 2 1295883270 1262064
MB98 Q0 29599183350530048 2 1295891969 1253365
MB98 Q0 29656022670909440 2 1295905521 1239813
MB98 Q0 29707160514469888 1 1295917713 1227621
MB98 Q0 29744502428147712 2 1295926616 1218718
MB98 Q0 29776164155301888 2 1295934165 1211169
MB98 Q0 29784257589153792 2 1295936095 1209239
MB98 Q0 29802581299560448 2 1295940463 1204871
MB98 Q0 29844641842987008 2 1295950491 1194843
MB23 0 35047250950361089 1 1297190890 4575
MB23 0 34744935773118464 2 1297118812 76653
MB23 0 30671913017671680 2 1296147728 1047737
MB23 0 33030044649529344 2 1296709950 485515
MB23 0 34671659365437440 1 1297101342 94123
MB23 0 34671660812468224 1 1297101342 94123
MB23 0 34678263892680704 1 1297102917 92548
MB23 0 34682864171753472 1 1297104013 91452
MB23 0 34666383035863040 2 1297100084 95381
MB23 0 33149238988771328 1 1296738369 457096
MB23 0 29516843261624320 2 1295872338 1323127
MB23 0 35041109348458496 2 1297189426 6039
MB23 0 31566089766830080 2 1296360916 834549
MB23 0 32877208276041728 2 1296673511 521954
MB23 0 32902274934120448 2 1296679488 515977
MB23 0 32893223353450496 2 1296677330 518135
MB23 0 31482127098839040 2 1296340898 854567
MB23 0 35042688218697728 1 1297189802 5663
MB23 0 30570299074289664 2 1296123501 1071964
MB23 0 30639843193135104 2 1296140082 1055383
MB23 0 30652469818163200 2 1296143092 1052373
MB23 0 32771758243184640 1 1296648370 547095
MB23 0 29626342530088960 2 1295898445 1297020
MB23 0 35055288075681792 1 1297192806 2659
MB23 0 35025627253977088 1 1297185734 9731
MB23 0 35010633195851777 1 1297182160 13305
MB23 0 35043140624719872 1 1297189910 5555
MB23 0 35000396405542913 2 1297179719 15746
MB23 0 35032879444529152 1 1297187463 8002
MB23 0 35066441501900800 1 1297195465 0
MB23 0 35048617307807744 1 1297191216 4249
MB23 0 30092449464459264 2 1296009573 1185892
MB23 0 35055158849175552 1 1297192775 2690
MB23 0 35055156865273857 1 1297192775 2690
MB23 0 32759096687984640 2 1296645351 550114
MB23 0 34772909876584448 1 1297125482 69983
MB23 0 34776815805399041 2 1297126413 69052
MB23 0 34773103301107712 1 1297125528 69937
MB23 0 30740770164051969 2 1296164145 1031320
MB23 0 34740887380688896 2 1297117847 77618
MB23 0 29595313069105153 2 1295891047 1304418
MB23 0 30599622661505024 1 1296130493 1064972
MB23 0 34763798942322688 2 1297123310 72155
MB23 0 34755971859357697 2 1297121444 74021
MB23 0 30384057296617473 2 1296079098 1116367
MB23 0 35041223072813056 1 1297189453 6012
MB23 0 30092054042251264 2 1296009479 1185986
MB23 0 32911860223180800 2 1296681773 513692
MB23 0 29340097937670144 2 1295830199 1365266
MB23 0 29612648744091649 2 1295895180 1300285
MB23 0 34764285468999680 2 1297123426 72039
MB23 0 35037336492449792 2 1297188526 6939
MB23 0 32994048167903232 2 1296701368 494097
MB23 0 33631021220110336 2 1296853234 342231
MB23 0 33310482420998145 2 1296776812 418653
MB23 0 30692963696779264 2 1296152747 1042718
MB23 0 32638038530072576 2 1296616489 578976
MB23 0 30911885272424448 2 1296204942 990523
MB23 0 29854698869620736 2 1295952889 1242576
MB23 0 33116468107288577 1 1296730555 464910
MB23 0 30440960940834816 2 1296092665 1102800
MB23 0 29984725615513601 2 1295983890 1211575
MB23 0 30572012694933504 2 1296123910 1071555
MB23 0 30349124234641408 2 1296070769 1124696
MB23 0 34139231714541568 2 1296974401 221064
MB23 0 30733920714629120 1 1296162512 1032953
MB23 0 34768755347169280 2 1297124491 70974
MB23 0 31716826710802432 2 1296396855 798610
MB23 0 35041386109603840 2 1297189492 5973
MB23 0 32970564121395200 2 1296695769 499696
MB23 0 31203980398821376 2 1296274583 920882
MB23 0 34687280962600961 2 1297105066 90399
MB23 0 30438372140908544 2 1296092048 1103417
MB23 0 35058668416278528 1 1297193612 1853
MB23 0 30649612721197056 2 1296142411 1053054
MB23 0 32087811939110912 2 1296485305 710160
MB23 0 30771878641532928 2 1296171562 1023903
MB23 0 32948762015961088 2 1296690571 504894
MB23 0 29690797183991810 2 1295913812 1281653
MB23 0 35058089283559424 2 1297193474 1991
MB23 0 35011708787503104 1 1297182416 13049
MB23 0 35028668392669184 2 1297186460 9005
MB23 0 35015689450299392 2 1297183365 12100
MB23 0 30093167172788224 2 1296009744 1185721
MB23 0 33180961285873664 2 1296745932 449533
MB23 0 30722018458468352 2 1296159674 1035791
MB23 0 32887042283143168 2 1296675856 519609
MB23 0 32680771063910400 2 1296626677 568788
MB23 0 31081790139531265 2 1296245450 950015
MB95 Q0 30020862862168065 2 1295992506 1209259
MB95 Q0 30037220282859520 2 1295996406 1205359
MB95 Q0 30115178284589056 1 1296014992 1186773
MB95 Q0 30150397205159936 1 1296023389 1178376
MB95 Q0 30172392424738816 2 1296028633 1173132
MB95 Q0 30175318723530753 2 1296029331 1172434
MB95 Q0 30279515653545984 2 1296054173 1147592
MB95 Q0 30280006311612416 1 1296054290 1147475
MB95 Q0 30282761939980288 1 1296054947 1146818
MB95 Q0 30282776829759488 1 1296054951 1146814
MB95 Q0 30282798283620353 1 1296054956 1146809
MB95 Q0 30290716475260929 1 1296056844 1144921
MB95 Q0 30295023958364160 2 1296057871 1143894
MB95 Q0 30309361721024512 2 1296061289 1140476
MB95 Q0 30317312351412224 2 1296063185 1138580
MB95 Q0 30346926125752320 2 1296070245 1131520
MB95 Q0 30349244057526272 1 1296070798 1130967
MB95 Q0 30350461039017984 1 1296071088 1130677
MB95 Q0 30360893862715392 1 1296073575 1128190
MB95 Q0 30361134234075136 1 1296073633 1128132
MB95 Q0 30363334750502913 1 1296074157 1127608
MB95 Q0 30364148424515584 2 1296074351 1127414
MB95 Q0 30367363798933504 2 1296075118 1126647
MB95 Q0 30377942009774080 2 1296077640 1124125
MB95 Q0 30399058958884864 1 1296082675 1119090
MB95 Q0 30401526312730624 1 1296083263 1118502
MB95 Q0 30405450293846016 1 1296084198 1117567
MB95 Q0 30427146451165184 1 1296089371 1112394
MB95 Q0 30428029847080961 1 1296089582 1112183
MB95 Q0 30439179359879168 1 1296092240 1109525
MB95 Q0 30441473379934208 1 1296092787 1108978
MB95 Q0 30563119608635393 1 1296121790 1079975
MB95 Q0 30595032692035584 1 1296129398 1072367
MB95 Q0 30596907529146368 2 1296129845 1071920
MB95 Q0 30606523621187584 2 1296132138 1069627
MB95 Q0 30673075070566400 1 1296148005 1053760
MB95 Q0 30681449719930880 1 1296150002 1051763
MB95 Q0 30682713602129920 1 1296150303 1051462
MB95 Q0 30688418593767425 1 1296151663 1050102
MB95 Q0 30701401030000640 2 1296154759 1047006
MB95 Q0 30702141668589568 2 1296154935 1046830
MB95 Q0 30711726592753664 2 1296157220 1044545
MB95 Q0 30726960552345600 1 1296160852 1040913
MB95 Q0 30821047011905536 2 1296183284 1018481
MB95 Q0 30828059540062208 1 1296184956 1016809
MB95 Q0 30859325845020672 1 1296192411 1009354
MB95 Q0 30947664312934400 1 1296213472 988293
MB95 Q0 30950664595046401 1 1296214188 987577
MB95 Q0 31013859800129536 2 1296229255 972510
MB95 Q0 31017491043975168 1 1296230120 971645
MB95 Q0 31019648199688193 1 1296230635 971130
MB95 Q0 31028061164019712 2 1296232640 969125
MB95 Q0 31039496002736128 1 1296235367 966398
MB95 Q0 31042449660973056 1 1296236071 965694
MB95 Q0 31080347219263488 2 1296245106 956659
MB95 Q0 31084250191101952 1 1296246037 955728
MB95 Q0 31086874403540992 1 1296246663 955102
MB95 Q0 31100236550119424 2 1296249848 951917
MB95 Q0 31107918388535296 1 1296251680 950085
MB95 Q0 31206941996875776 1 1296275289 926476
MB95 Q0 31234119782367233 1 1296281769 919996
MB95 Q0 31387358490267648 1 1296318304 883461
MB95 Q0 31811055877365761 1 1296419321 782444
MB95 Q0 31846049488310272 1 1296427664 774101
MB95 Q0 31871158500458496 2 1296433650 768115
MB95 Q0 31900325413654529 2 1296440604 761161
MB95 Q0 32066019971309568 1 1296480109 721656
MB95 Q0 32115934919397377 2 1296492010 709755
MB95 Q0 32364471187939328 2 1296551265 650500
MB95 Q0 32400229357588480 1 1296559791 641974
MB95 Q0 32453332115128320 1 1296572451 629314
MB95 Q0 32765383786102784 2 1296646850 554915
MB95 Q0 32847697350230016 2 1296666475 535290
MB95 Q0 32879724002803712 2 1296674111 527654
MB95 Q0 32996913221476352 2 1296702051 499714
MB95 Q0 33098964886626304 2 1296726382 475383
MB95 Q0 33116987999653888 2 1296730679 471086
MB95 Q0 33150095704727552 1 1296738573 463192
MB95 Q0 33167627409047552 2 1296742753 459012
MB95 Q0 33219512610332672 1 1296755123 446642
MB95 Q0 33410666744258560 2 1296800698 401067
MB95 Q0 33411054734155776 1 1296800790 400975
MB95 Q0 33486057508970496 2 1296818672 383093
MB95 Q0 33529783019110400 2 1296829097 372668
MB95 Q0 33547217537073153 1 1296833254 368511
MB95 Q0 33547231877398528 1 1296833258 368507
MB95 Q0 33547245555032064 1 1296833261 368504
MB95 Q0 33547789946462208 2 1296833391 368374
MB95 Q0 33551062635913216 1 1296834171 367594
MB95 Q0 33560769601732609 1 1296836485 365280
MB95 Q0 33561216639045633 1 1296836592 365173
MB95 Q0 33579788874547200 1 1296841020 360745
MB95 Q0 33586086957547520 2 1296842521 359244
MB95 Q0 33937742693933056 1 1296926363 275402
MB95 Q0 33941299740549120 1 1296927211 274554
MB95 Q0 33973534418014209 2 1296934896 266869
MB95 Q0 34206159887933440 2 1296990358 211407
MB95 Q0 34265236806565888 1 1297004443 197322
MB95 Q0 34268118356328448 1 1297005130 196635
MB95 Q0 34272772473495552 1 1297006240 195525
MB95 Q0 34283428484481024 2 1297008780 192985
MB95 Q0 34286510236766209 2 1297009515 192250
MB95 Q0 34589497534451712 2 1297081753 120012
MB95 Q0 34627746449596416 2 1297090872 110893
MB95 Q0 34627801168486403 1 1297090885 110880
MB95 Q0 34627807027929088 1 1297090887 110878
MB95 Q0 34627816045674496 1 1297090889 110876
MB95 Q0 34627962582081538 1 1297090924 110841
MB95 Q0 34632282962661378 1 1297091954 109811
MB95 Q0 34634369607929856 1 1297092451 109314
MB95 Q0 34635209055932416 1 1297092651 109114
MB95 Q0 34644171079811073 1 1297094788 106977
MB95 Q0 34644376802033664 1 1297094837 106928
MB95 Q0 34645966137073664 1 1297095216 106549
MB95 Q0 34646922304167936 1 1297095444 106321
MB95 Q0 34664721147760640 1 1297099688 102077
MB95 Q0 34682954672250880 1 1297104035 97730
MB95 Q0 34698008620703744 1 1297107624 94141
MB95 Q0 34705839109439488 1 1297109491 92274
MB95 Q0 34719709962174464 1 1297112798 88967
MB95 Q0 34737243528626177 1 1297116978 84787
MB95 Q0 34740492671385600 1 1297117753 84012
MB95 Q0 34744610328682496 1 1297118735 83030
MB95 Q0 34751415528202243 1 1297120357 81408
MB95 Q0 34751711843192832 1 1297120428 81337
MB95 Q0 34767815600771072 1 1297124267 77498
MB95 Q0 34768608269697024 1 1297124456 77309
MB95 Q0 34769706023919616 1 1297124718 77047
MB95 Q0 34783309464604672 1 1297127961 73804
MB95 Q0 34827680574603264 1 1297138540 63225
MB95 Q0 34903006164029440 1 1297156499 45266
MB95 Q0 34938372589879296 1 1297164931 36834
MB95 Q0 34979614530998272 1 1297174764 27001
MB95 Q0 34996667379884032 2 1297178830 22935
MB95 Q0 35078116594548736 1 1297198249 3516
MB95 Q0 35092866069962752 1 1297201765 0
MB95 Q0 29047669389271042 2 1295760478 1441287
MB95 Q0 29428094217490432 1 1295851179 1350586
MB95 Q0 29492186055708672 2 1295866459 1335306
MB95 Q0 29498744412045312 2 1295868023 1333742
MB95 Q0 29508069041901568 1 1295870246 1331519
MB95 Q0 29543382086848512 1 1295878665 1323100
MB95 Q0 29551273996980224 1 1295880547 1321218
MB95 Q0 29655015152951297 1 1295905281 1296484
MB95 Q0 29677473180422144 1 1295910635 1291130
MB95 Q0 29717718437462016 1 1295920230 1281535
MB95 Q0 29740831803973632 1 1295925741 1276024
MB95 Q0 29873644121362432 2 1295957406 1244359
MB95 Q0 29895163560071168 1 1295962537 1239228
MB95 Q0 29898299192385538 2 1295963284 1238481
MB95 Q0 29925221569925120 1 1295969703 1232062
MB95 Q0 29963889500229632 2 1295978922 1222843
